Estimating cache sizes (cycles per access)...
Size (KB) Cycles/access
---------------------------
101 4.98035
201 4.46971
301 3.83013
401 3.77869
501 3.57621
601 3.06336
701 3.11698
801 3.13311
901 3.09001
1001 3.08737
1101 3.10342
1201 3.09097
1301 3.10441
1401 3.10556
1501 3.18662
1601 3.08973
1701 3.07598
1801 3.09975
1901 3.06502
2001 3.11423
2101 3.07765
2201 3.08336
2301 3.13586
2401 3.10961
2501 3.07862
2601 3.1006
2701 3.1642
2801 3.14723
2901 3.32348
3001 3.32887
3101 3.20373
3201 3.21381
3301 3.18106
3401 3.06963
3501 3.07931
3601 3.07515
3701 3.23959
3801 3.18097
3901 3.2068
4001 3.31554
4101 3.34106
4201 3.21004
4301 3.19761
4401 3.19141
4501 3.14464
4601 3.09658
4701 3.2489
4801 3.10691
4901 3.09029
5001 3.10491
5101 3.09068
5201 3.16451
5301 3.14251
5401 3.14419
5501 3.16122
5601 3.16422
5701 3.10832
5801 3.11139
5901 3.14986
6001 3.19045
6101 3.15341
6201 3.16736
6301 3.18824
6401 3.16809
6501 3.16808
6601 3.17445
6701 3.18494
6801 3.15355
6901 3.09381
7001 3.1309
7101 3.09748
7201 3.13844
7301 3.10127
7401 3.13201
7501 3.13461
7601 3.1181
7701 3.11639
7801 3.13989
7901 3.1244
8001 3.13388
